1 1.1887771 1.1055968
2 0.9183107 0.87145317
3 0.6914473 0.6715214
4 0.53596574 0.5542417
5 0.44188747 0.4936849
6 0.38494942 0.46198833
7 0.34673703 0.4454991
8 0.3187731 0.43678385
9 0.29714966 0.43189174
10 0.27980733 0.4287663
11 0.26556617 0.42652518
12 0.25352037 0.42488372
13 0.24297988 0.42382103
14 0.23348269 0.42338437
15 0.2250098 0.42352808
16 0.21754268 0.42411727
17 0.21078165 0.4250363
18 0.20456839 0.42615706
19 0.19891316 0.4272998
20 0.19347648 0.4289321
21 0.18927455 0.42936373
22 0.18571544 0.4378993
23 0.18601446 0.43027693
24 0.17862919 0.44056186
25 0.17138663 0.4334859
26 0.16798198 0.4367037
27 0.16429041 0.4362845
28 0.16113478 0.4380838
29 0.15801972 0.4384011
30 0.15505059 0.43992418
31 0.1522916 0.4402312
32 0.14948931 0.44200405
33 0.14734381 0.44184265
34 0.14478405 0.44561535
35 0.14687386 0.44458836
36 0.14667733 0.4565674
37 0.14513831 0.44495004
38 0.13659331 0.45106798
39 0.13378255 0.44700912
40 0.131043 0.4501506