1 1.167146 0.9678289
2 0.87825984 0.70985407
3 0.62131935 0.4769037
4 0.45924285 0.36171758
5 0.37288034 0.3061931
6 0.33197013 0.28014776
7 0.30749702 0.26683438
8 0.28872424 0.25861138
9 0.27301568 0.25281897
10 0.2596162 0.24846691
11 0.24807188 0.24510694
12 0.23802161 0.24253093
13 0.22920519 0.24062975
14 0.22143507 0.23930568
15 0.21455425 0.2384514
16 0.20838399 0.23800798
17 0.20286268 0.23788099
18 0.19789846 0.23796587
19 0.19333683 0.23814979
20 0.18913034 0.23846568
21 0.18524534 0.23885542
22 0.18164659 0.23940438
23 0.17830783 0.23986635
24 0.17527077 0.24076249
25 0.17245507 0.24136719
26 0.16968118 0.24183622
27 0.16679828 0.2434093
28 0.1651291 0.24261129
29 0.16266096 0.24736464
30 0.16398552 0.24430417
31 0.15748487 0.24755612
32 0.15732992 0.24572067
33 0.1527194 0.24783206
34 0.15181828 0.24792445
35 0.14901459 0.24946882
36 0.14776403 0.2500994
37 0.14547084 0.25158495
38 0.14421974 0.25245887
39 0.14208075 0.2541204
40 0.14105281 0.254683